1 125
2 110
3 103
4 96
5 88
6 80
7 79
8 64
9 56
10 56
11 53
12 50
13 49
14 49
15 47
16 46
17 45
18 44
19 43
20 41
21 40
22 40
23 40
24 39
25 39
26 39
27 39
28 38
29 38
30 38
31 38
32 36
33 34
34 33
35 33
36 33
37 33
38 33
39 32
40 32
41 32
42 32
43 32
44 31
45 31
46 31
47 30
48 30
49 30
50 28
51 28
52 28
53 27
54 27
55 26
56 26
57 26
58 26
59 25
60 25
61 25
62 25
63 25
64 24
65 24
66 24
67 24
68 24
69 24
70 23
71 23
72 23
73 23
74 23
75 22
76 22
77 22
78 22
79 21
80 21
81 21
82 21
83 21
84 21
85 21
86 21
87 21
88 20
89 20
90 20
91 20
92 20
93 20
94 20
95 20
96 20
97 20
98 20
99 20
100 20
101 19
102 19
103 19
104 19
105 19
106 19
107 19
108 19
109 19
110 19
111 19
112 19
113 19
114 18
115 18
116 18
117 18
118 18
119 18
120 18
121 18
122 18
123 18
124 18
125 18
126 17
127 17
128 17
129 17
130 17
131 17
132 17
133 17
134 17
135 17
136 17
137 17
138 17
139 17
140 17
141 16
142 16
143 16
144 16
145 16
146 16
147 16
148 16
149 16
150 16
151 16
152 16
153 16
154 16
155 15
156 15
157 15
158 15
159 15
160 15
161 15
162 15
163 15
164 15
165 15
166 15
167 15
168 15
169 15
170 15
171 15
172 15
173 15
174 15
175 15
176 15
177 14
178 14
179 14
180 14
181 14
182 14
183 14
184 14
185 14
186 14
187 14
188 14
189 14
190 14
191 14
192 14
193 14
194 14
195 13
196 13
197 13
198 13
199 13
200 13
201 13
202 13
203 13
204 13
205 13
206 13
207 13
208 13
209 13
210 13
211 13
212 13
213 13
214 13
215 13
216 13
217 13
218 13
219 13
220 13
221 13
222 13
223 13
224 13
225 13
226 13
227 13
228 12
229 12
230 12
231 12
232 12
233 12
234 12
235 12
236 12
237 12
238 12
239 12
240 12
241 12
242 12
243 12
244 12
245 12
246 12
247 12
248 12
249 12
250 12
251 12
252 12
253 12
254 12
255 12
256 12
257 12
258 12
259 12
260 12
261 12
262 12
263 12
264 12
265 12
266 12
267 12
268 12
269 12
270 12
271 11
272 11
273 11
274 11
275 11
276 11
277 11
278 11
279 11
280 11
281 11
282 11
283 11
284 11
285 11
286 11
287 11
288 11
289 11
290 11
291 11
292 11
293 11
294 11
295 11
296 11
297 11
298 11
299 11
300 11
301 11
302 11
303 11
304 11
305 11
306 11
307 11
308 11
309 11
310 11
311 11
312 11
313 11
314 11
315 11
316 11
317 11
318 11
319 11
320 10
321 10
322 10
323 10
324 10
325 10
326 10
327 10
328 10
329 10
330 10
331 10
332 10
333 10
334 10
335 10
336 10
337 10
338 10
339 10
340 10
341 10
342 10
343 10
344 10
345 10
346 10
347 10
348 10
349 10
350 10
351 10
352 10
353 10
354 10
355 10
356 10
357 10
358 10
359 10
360 10
361 10
362 10
363 10
364 10
365 10
366 10
367 10
368 10
369 10
370 10
371 10
372 10
373 10
374 10
375 10
376 10
377 10
378 10
379 10
380 10
381 10
382 10
383 10
384 10
385 10
386 10
387 10
388 10
389 10
390 10
391 10
392 9
393 9
394 9
395 9
396 9
397 9
398 9
399 9
400 9
401 9
402 9
403 9
404 9
405 9
406 9
407 9
408 9
409 9
410 9
411 9
412 9
413 9
414 9
415 9
416 9
417 9
418 9
419 9
420 9
421 9
422 9
423 9
424 9
425 9
426 9
427 9
428 9
429 9
430 9
431 9
432 9
433 9
434 9
435 9
436 9
437 9
438 9
439 9
440 9
441 9
442 9
443 9
444 9
445 9
446 9
447 9
448 9
449 9
450 9
451 9
452 9
453 9
454 9
455 9
456 9
457 9
458 9
459 9
460 9
461 9
462 9
463 9
464 9
465 9
466 9
467 9
468 9
469 9
470 9
471 9
472 9
473 9
474 9
475 9
476 9
477 9
478 8
479 8
480 8
481 8
482 8
483 8
484 8
485 8
486 8
487 8
488 8
489 8
490 8
491 8
492 8
493 8
494 8
495 8
496 8
497 8
498 8
499 8
500 8
501 8
502 8
503 8
504 8
505 8
506 8
507 8
508 8
509 8
510 8
511 8
512 8
513 8
514 8
515 8
516 8
517 8
518 8
519 8
520 8
521 8
522 8
523 8
524 8
525 8
526 8
527 8
528 8
529 8
530 8
531 8
532 8
533 8
534 8
535 8
536 8
537 8
538 8
539 8
540 8
541 8
542 8
543 8
544 8
545 8
546 8
547 8
548 8
549 8
550 8
551 8
552 8
553 8
554 8
555 8
556 8
557 8
558 8
559 8
560 8
561 8
562 8
563 8
564 8
565 8
566 8
567 8
568 8
569 8
570 8
571 8
572 8
573 8
574 8
575 8
576 8
577 8
578 8
579 8
580 8
581 8
582 8
583 8
584 8
585 8
586 8
587 8
588 8
589 8
590 8
591 8
592 8
593 8
594 8
595 8
596 8
597 8
598 8
599 8
600 8
601 8
602 8
603 8
604 8
605 8
606 8
607 8
608 8
609 8
610 8
611 8
612 7
613 7
614 7
615 7
616 7
617 7
618 7
619 7
620 7
621 7
622 7
623 7
624 7
625 7
626 7
627 7
628 7
629 7
630 7
631 7
632 7
633 7
634 7
635 7
636 7
637 7
638 7
639 7
640 7
641 7
642 7
643 7
644 7
645 7
646 7
647 7
648 7
649 7
650 7
651 7
652 7
653 7
654 7
655 7
656 7
657 7
658 7
659 7
660 7
661 7
662 7
663 7
664 7
665 7
666 7
667 7
668 7
669 7
670 7
671 7
672 7
673 7
674 7
675 7
676 7
677 7
678 7
679 7
680 7
681 7
682 7
683 7
684 7
685 7
686 7
687 7
688 7
689 7
690 7
691 7
692 7
693 7
694 7
695 7
696 7
697 7
698 7
699 7
700 7
701 7
702 7
703 7
704 7
705 7
706 7
707 7
708 7
709 7
710 7
711 7
712 7
713 7
714 7
715 7
716 7
717 7
718 7
719 7
720 7
721 7
722 7
723 7
724 7
725 7
726 7
727 7
728 7
729 7
730 7
731 7
732 7
733 7
734 7
735 7
736 7
737 7
738 7
739 7
740 7
741 7
742 7
743 7
744 7
745 7
746 7
747 7
748 7
749 7
750 7
751 7
752 7
753 7
754 7
755 7
756 7
757 7
758 7
759 7
760 7
761 7
762 7
763 7
764 7
765 7
766 7
767 7
768 7
769 7
770 7
771 7
772 7
773 7
774 7
775 7
776 7
777 7
778 7
779 7
780 7
781 7
782 7
783 7
784 7
785 7
786 7
787 7
788 7
789 7
790 7
791 7
792 7
793 7
794 7
795 7
796 7
797 7
798 7
799 7
800 7
801 7
802 7
803 7
804 7
805 7
806 7
807 7
808 7
809 7
810 7
811 7
812 7
813 7
814 7
815 7
816 7
817 7
818 7
819 7
820 7
821 7
822 7
823 7
824 7
825 7
826 7
827 7
828 7
829 7
830 7
831 7
832 7
833 7
834 7
835 7
836 7
837 7
838 7
839 7
840 7
841 7
842 7
843 7
844 7
845 7
846 7
847 7
848 7
849 7
850 7
851 7
852 7
853 7
854 7
855 7
856 7
857 7
858 7
859 7
860 7
861 7
862 6
863 6
864 6
865 6
866 6
867 6
868 6
869 6
870 6
871 6
872 6
873 6
874 6
875 6
876 6
877 6
878 6
879 6
880 6
881 6
882 6
883 6
884 6
885 6
886 6
887 6
888 6
889 6
890 6
891 6
892 6
893 6
894 6
895 6
896 6
897 6
898 6
899 6
900 6
901 6
902 6
903 6
904 6
905 6
906 6
907 6
908 6
909 6
910 6
911 6
912 6
913 6
914 6
915 6
916 6
917 6
918 6
919 6
920 6
921 6
922 6
923 6
924 6
925 6
926 6
927 6
928 6
929 6
930 6
931 6
932 6
933 6
934 6
935 6
936 6
937 6
938 6
939 6
940 6
941 6
942 6
943 6
944 6
945 6
946 6
947 6
948 6
949 6
950 6
951 6
952 6
953 6
954 6
955 6
956 6
957 6
958 6
959 6
960 6
961 6
962 6
963 6
964 6
965 6
966 6
967 6
968 6
969 6
970 6
971 6
972 6
973 6
974 6
975 6
976 6
977 6
978 6
979 6
980 6
981 6
982 6
983 6
984 6
985 6
986 6
987 6
988 6
989 6
990 6
991 6
992 6
993 6
994 6
995 6
996 6
997 6
998 6
999 6
1000 6
1001 6
1002 6
1003 6
1004 6
1005 6
1006 6
1007 6
1008 6
1009 6
1010 6
1011 6
1012 6
1013 6
1014 6
1015 6
1016 6
1017 6
1018 6
1019 6
1020 6
1021 6
1022 6
1023 6
1024 6
1025 6
1026 6
1027 6
1028 6
1029 6
1030 6
1031 6
1032 6
1033 6
1034 6
1035 6
1036 6
1037 6
1038 6
1039 6
1040 6
1041 6
1042 6
1043 6
1044 6
1045 6
1046 6
1047 6
1048 6
1049 6
1050 6
1051 6
1052 6
1053 6
1054 6
1055 6
1056 6
1057 6
1058 6
1059 6
1060 6
1061 6
1062 6
1063 6
1064 6
1065 6
1066 6
1067 6
1068 6
1069 6
1070 6
1071 6
1072 6
1073 6
1074 6
1075 6
1076 6
1077 6
1078 6
1079 6
1080 6
1081 6
1082 6
1083 6
1084 6
1085 6
1086 6
1087 6
1088 6
1089 6
1090 6
1091 6
1092 6
1093 6
1094 6
1095 6
1096 6
1097 6
1098 6
1099 6
1100 6
1101 6
1102 6
1103 6
1104 6
1105 6
1106 6
1107 6
1108 6
1109 6
1110 6
1111 6
1112 6
1113 6
1114 6
1115 6
1116 6
1117 6
1118 6
1119 6
1120 6
1121 6
1122 6
1123 6
1124 6
1125 6
1126 6
1127 6
1128 6
1129 6
1130 6
1131 6
1132 6
1133 6
1134 6
1135 6
1136 6
1137 6
1138 6
1139 6
1140 6
1141 6
1142 6
1143 6
1144 6
1145 6
1146 6
1147 6
1148 6
1149 6
1150 6
1151 6
1152 6
1153 6
1154 6
1155 6
1156 6
1157 6
1158 6
1159 6
1160 6
1161 6
1162 6
1163 6
1164 6
1165 6
1166 6
1167 6
1168 6
1169 6
1170 6
1171 6
1172 6
1173 6
1174 6
1175 6
1176 6
1177 6
1178 6
1179 6
1180 6
1181 6
1182 6
1183 6
1184 6
1185 6
1186 6
1187 6
1188 6
1189 6
1190 6
1191 6
1192 6
1193 6
1194 6
1195 6
1196 6
1197 6
1198 6
1199 6
1200 6
1201 6
1202 6
1203 6
1204 6
1205 6
1206 6
1207 6
1208 6
1209 6
1210 6
1211 6
1212 6
1213 6
1214 6
1215 5
1216 5
1217 5
1218 5
1219 5
1220 5
1221 5
1222 5
1223 5
1224 5
1225 5
1226 5
1227 5
1228 5
1229 5
1230 5
1231 5
1232 5
1233 5
1234 5
1235 5
1236 5
1237 5
1238 5
1239 5
1240 5
1241 5
1242 5
1243 5
1244 5
1245 5
1246 5
1247 5
1248 5
1249 5
1250 5
1251 5
1252 5
1253 5
1254 5
1255 5
1256 5
1257 5
1258 5
1259 5
1260 5
1261 5
1262 5
1263 5
1264 5
1265 5
1266 5
1267 5
1268 5
1269 5
1270 5
1271 5
1272 5
1273 5
1274 5
1275 5
1276 5
1277 5
1278 5
1279 5
1280 5
1281 5
1282 5
1283 5
1284 5
1285 5
1286 5
1287 5
1288 5
1289 5
1290 5
1291 5
1292 5
1293 5
1294 5
1295 5
1296 5
1297 5
1298 5
1299 5
1300 5
1301 5
1302 5
1303 5
1304 5
1305 5
1306 5
1307 5
1308 5
1309 5
1310 5
1311 5
1312 5
1313 5
1314 5
1315 5
1316 5
1317 5
1318 5
1319 5
1320 5
1321 5
1322 5
1323 5
1324 5
1325 5
1326 5
1327 5
1328 5
1329 5
1330 5
1331 5
1332 5
1333 5
1334 5
1335 5
1336 5
1337 5
1338 5
1339 5
1340 5
1341 5
1342 5
1343 5
1344 5
1345 5
1346 5
1347 5
1348 5
1349 5
1350 5
1351 5
1352 5
1353 5
1354 5
1355 5
1356 5
1357 5
1358 5
1359 5
1360 5
1361 5
1362 5
1363 5
1364 5
1365 5
1366 5
1367 5
1368 5
1369 5
1370 5
1371 5
1372 5
1373 5
1374 5
1375 5
1376 5
1377 5
1378 5
1379 5
1380 5
1381 5
1382 5
1383 5
1384 5
1385 5
1386 5
1387 5
1388 5
1389 5
1390 5
1391 5
1392 5
1393 5
1394 5
1395 5
1396 5
1397 5
1398 5
1399 5
1400 5
1401 5
1402 5
1403 5
1404 5
1405 5
1406 5
1407 5
1408 5
1409 5
1410 5
1411 5
1412 5
1413 5
1414 5
1415 5
1416 5
1417 5
1418 5
1419 5
1420 5
1421 5
1422 5
1423 5
1424 5
1425 5
1426 5
1427 5
1428 5
1429 5
1430 5
1431 5
1432 5
1433 5
1434 5
1435 5
1436 5
1437 5
1438 5
1439 5
1440 5
1441 5
1442 5
1443 5
1444 5
1445 5
1446 5
1447 5
1448 5
1449 5
1450 5
1451 5
1452 5
1453 5
1454 5
1455 5
1456 5
1457 5
1458 5
1459 5
1460 5
1461 5
1462 5
1463 5
1464 5
1465 5
1466 5
1467 5
1468 5
1469 5
1470 5
1471 5
1472 5
1473 5
1474 5
1475 5
1476 5
1477 5
1478 5
1479 5
1480 5
1481 5
1482 5
1483 5
1484 5
1485 5
1486 5
1487 5
1488 5
1489 5
1490 5
1491 5
1492 5
1493 5
1494 5
1495 5
1496 5
1497 5
1498 5
1499 5
1500 5
1501 5
1502 5
1503 5
1504 5
1505 5
1506 5
1507 5
1508 5
1509 5
1510 5
1511 5
1512 5
1513 5
1514 5
1515 5
1516 5
1517 5
1518 5
1519 5
1520 5
1521 5
1522 5
1523 5
1524 5
1525 5
1526 5
1527 5
1528 5
1529 5
1530 5
1531 5
1532 5
1533 5
1534 5
1535 5
1536 5
1537 5
1538 5
1539 5
1540 5
1541 5
1542 5
1543 5
1544 5
1545 5
1546 5
1547 5
1548 5
1549 5
1550 5
1551 5
1552 5
1553 5
1554 5
1555 5
1556 5
1557 5
1558 5
1559 5
1560 5
1561 5
1562 5
1563 5
1564 5
1565 5
1566 5
1567 5
1568 5
1569 5
1570 5
1571 5
1572 5
1573 5
1574 5
1575 5
1576 5
1577 5
1578 5
1579 5
1580 5
1581 5
1582 5
1583 5
1584 5
1585 5
1586 5
1587 5
1588 5
1589 5
1590 5
1591 5
1592 5
1593 5
1594 5
1595 5
1596 5
1597 5
1598 5
1599 5
1600 5
1601 5
1602 5
1603 5
1604 5
1605 5
1606 5
1607 5
1608 5
1609 5
1610 5
1611 5
1612 5
1613 5
1614 5
1615 5
1616 5
1617 5
1618 5
1619 5
1620 5
1621 5
1622 5
1623 5
1624 5
1625 5
1626 5
1627 5
1628 5
1629 5
1630 5
1631 5
1632 5
1633 5
1634 5
1635 5
1636 5
1637 5
1638 5
1639 5
1640 5
1641 5
1642 5
1643 5
1644 5
1645 5
1646 5
1647 5
1648 5
1649 5
1650 5
1651 5
1652 5
1653 5
1654 5
1655 5
1656 5
1657 5
1658 5
1659 5
1660 5
1661 5
1662 5
1663 5
1664 5
1665 5
1666 5
1667 5
1668 5
1669 5
1670 5
1671 5
1672 5
1673 5
1674 5
1675 5
1676 5
1677 5
1678 5
1679 5
1680 5
1681 5
1682 5
1683 5
1684 5
1685 5
1686 5
1687 5
1688 5
1689 5
1690 5
1691 5
1692 5
1693 5
1694 5
1695 5
1696 5
1697 5
1698 5
1699 5
1700 5
1701 5
1702 5
1703 5
1704 5
1705 5
1706 5
1707 5
1708 5
1709 5
1710 5
1711 5
1712 5
1713 5
1714 5
1715 5
1716 5
1717 5
1718 5
1719 5
1720 5
1721 5
1722 5
1723 5
1724 5
1725 5
1726 5
1727 5
1728 5
1729 5
1730 5
1731 5
1732 5
1733 5
1734 5
1735 5
1736 5
1737 5
1738 5
1739 5
1740 5
1741 5
1742 5
1743 5
1744 5
1745 5
1746 5
1747 5
1748 5
1749 5
1750 5
1751 5
1752 5
1753 5
1754 5
1755 5
1756 5
1757 5
1758 5
1759 5
1760 5
1761 5
1762 5
1763 5
1764 5
1765 5
1766 5
1767 5
1768 5
1769 5
1770 5
1771 5
1772 5
1773 5
1774 5
1775 5
1776 5
1777 5
1778 5
1779 5
1780 5
1781 5
1782 5
1783 5
1784 5
1785 5
1786 5
1787 5
1788 5
1789 5
1790 5
1791 5
1792 5
1793 5
1794 5
1795 5
1796 5
1797 5
1798 5
1799 5
1800 5
1801 5
1802 5
1803 4
1804 4
1805 4
1806 4
1807 4
1808 4
1809 4
1810 4
1811 4
1812 4
1813 4
1814 4
1815 4
1816 4
1817 4
1818 4
1819 4
1820 4
1821 4
1822 4
1823 4
1824 4
1825 4
1826 4
1827 4
1828 4
1829 4
1830 4
1831 4
1832 4
1833 4
1834 4
1835 4
1836 4
1837 4
1838 4
1839 4
1840 4
1841 4
1842 4
1843 4
1844 4
1845 4
1846 4
1847 4
1848 4
1849 4
1850 4
1851 4
1852 4
1853 4
1854 4
1855 4
1856 4
1857 4
1858 4
1859 4
1860 4
1861 4
1862 4
1863 4
1864 4
1865 4
1866 4
1867 4
1868 4
1869 4
1870 4
1871 4
1872 4
1873 4
1874 4
1875 4
1876 4
1877 4
1878 4
1879 4
1880 4
1881 4
1882 4
1883 4
1884 4
1885 4
1886 4
1887 4
1888 4
1889 4
1890 4
1891 4
1892 4
1893 4
1894 4
1895 4
1896 4
1897 4
1898 4
1899 4
1900 4
1901 4
1902 4
1903 4
1904 4
1905 4
1906 4
1907 4
1908 4
1909 4
1910 4
1911 4
1912 4
1913 4
1914 4
1915 4
1916 4
1917 4
1918 4
1919 4
1920 4
1921 4
1922 4
1923 4
1924 4
1925 4
1926 4
1927 4
1928 4
1929 4
1930 4
1931 4
1932 4
1933 4
1934 4
1935 4
1936 4
1937 4
1938 4
1939 4
1940 4
1941 4
1942 4
1943 4
1944 4
1945 4
1946 4
1947 4
1948 4
1949 4
1950 4
1951 4
1952 4
1953 4
1954 4
1955 4
1956 4
1957 4
1958 4
1959 4
1960 4
1961 4
1962 4
1963 4
1964 4
1965 4
1966 4
1967 4
1968 4
1969 4
1970 4
1971 4
1972 4
1973 4
1974 4
1975 4
1976 4
1977 4
1978 4
1979 4
1980 4
1981 4
1982 4
1983 4
1984 4
1985 4
1986 4
1987 4
1988 4
1989 4
1990 4
1991 4
1992 4
1993 4
1994 4
1995 4
1996 4
1997 4
1998 4
1999 4
2000 4
2001 4
2002 4
2003 4
2004 4
2005 4
2006 4
2007 4
2008 4
2009 4
2010 4
2011 4
2012 4
2013 4
2014 4
2015 4
2016 4
2017 4
2018 4
2019 4
2020 4
2021 4
2022 4
2023 4
2024 4
2025 4
2026 4
2027 4
2028 4
2029 4
2030 4
2031 4
2032 4
2033 4
2034 4
2035 4
2036 4
2037 4
2038 4
2039 4
2040 4
2041 4
2042 4
2043 4
2044 4
2045 4
2046 4
2047 4
2048 4
2049 4
2050 4
2051 4
2052 4
2053 4
2054 4
2055 4
2056 4
2057 4
2058 4
2059 4
2060 4
2061 4
2062 4
2063 4
2064 4
2065 4
2066 4
2067 4
2068 4
2069 4
2070 4
2071 4
2072 4
2073 4
2074 4
2075 4
2076 4
2077 4
2078 4
2079 4
2080 4
2081 4
2082 4
2083 4
2084 4
2085 4
2086 4
2087 4
2088 4
2089 4
2090 4
2091 4
2092 4
2093 4
2094 4
2095 4
2096 4
2097 4
2098 4
2099 4
2100 4
2101 4
2102 4
2103 4
2104 4
2105 4
2106 4
2107 4
2108 4
2109 4
2110 4
2111 4
2112 4
2113 4
2114 4
2115 4
2116 4
2117 4
2118 4
2119 4
2120 4
2121 4
2122 4
2123 4
2124 4
2125 4
2126 4
2127 4
2128 4
2129 4
2130 4
2131 4
2132 4
2133 4
2134 4
2135 4
2136 4
2137 4
2138 4
2139 4
2140 4
2141 4
2142 4
2143 4
2144 4
2145 4
2146 4
2147 4
2148 4
2149 4
2150 4
2151 4
2152 4
2153 4
2154 4
2155 4
2156 4
2157 4
2158 4
2159 4
2160 4
2161 4
2162 4
2163 4
2164 4
2165 4
2166 4
2167 4
2168 4
2169 4
2170 4
2171 4
2172 4
2173 4
2174 4
2175 4
2176 4
2177 4
2178 4
2179 4
2180 4
2181 4
2182 4
2183 4
2184 4
2185 4
2186 4
2187 4
2188 4
2189 4
2190 4
2191 4
2192 4
2193 4
2194 4
2195 4
2196 4
2197 4
2198 4
2199 4
2200 4
2201 4
2202 4
2203 4
2204 4
2205 4
2206 4
2207 4
2208 4
2209 4
2210 4
2211 4
2212 4
2213 4
2214 4
2215 4
2216 4
2217 4
2218 4
2219 4
2220 4
2221 4
2222 4
2223 4
2224 4
2225 4
2226 4
2227 4
2228 4
2229 4
2230 4
2231 4
2232 4
2233 4
2234 4
2235 4
2236 4
2237 4
2238 4
2239 4
2240 4
2241 4
2242 4
2243 4
2244 4
2245 4
2246 4
2247 4
2248 4
2249 4
2250 4
2251 4
2252 4
2253 4
2254 4
2255 4
2256 4
2257 4
2258 4
2259 4
2260 4
2261 4
2262 4
2263 4
2264 4
2265 4
2266 4
2267 4
2268 4
2269 4
2270 4
2271 4
2272 4
2273 4
2274 4
2275 4
2276 4
2277 4
2278 4
2279 4
2280 4
2281 4
2282 4
2283 4
2284 4
2285 4
2286 4
2287 4
2288 4
2289 4
2290 4
2291 4
2292 4
2293 4
2294 4
2295 4
2296 4
2297 4
2298 4
2299 4
2300 4
2301 4
2302 4
2303 4
2304 4
2305 4
2306 4
2307 4
2308 4
2309 4
2310 4
2311 4
2312 4
2313 4
2314 4
2315 4
2316 4
2317 4
2318 4
2319 4
2320 4
2321 4
2322 4
2323 4
2324 4
2325 4
2326 4
2327 4
2328 4
2329 4
2330 4
2331 4
2332 4
2333 4
2334 4
2335 4
2336 4
2337 4
2338 4
2339 4
2340 4
2341 4
2342 4
2343 4
2344 4
2345 4
2346 4
2347 4
2348 4
2349 4
2350 4
2351 4
2352 4
2353 4
2354 4
2355 4
2356 4
2357 4
2358 4
2359 4
2360 4
2361 4
2362 4
2363 4
2364 4
2365 4
2366 4
2367 4
2368 4
2369 4
2370 4
2371 4
2372 4
2373 4
2374 4
2375 4
2376 4
2377 4
2378 4
2379 4
2380 4
2381 4
2382 4
2383 4
2384 4
2385 4
2386 4
2387 4
2388 4
2389 4
2390 4
2391 4
2392 4
2393 4
2394 4
2395 4
2396 4
2397 4
2398 4
2399 4
2400 4
2401 4
2402 4
2403 4
2404 4
2405 4
2406 4
2407 4
2408 4
2409 4
2410 4
2411 4
2412 4
2413 4
2414 4
2415 4
2416 4
2417 4
2418 4
2419 4
2420 4
2421 4
2422 4
2423 4
2424 4
2425 4
2426 4
2427 4
2428 4
2429 4
2430 4
2431 4
2432 4
2433 4
2434 4
2435 4
2436 4
2437 4
2438 4
2439 4
2440 4
2441 4
2442 4
2443 4
2444 4
2445 4
2446 4
2447 4
2448 4
2449 4
2450 4
2451 4
2452 4
2453 4
2454 4
2455 4
2456 4
2457 4
2458 4
2459 4
2460 4
2461 4
2462 4
2463 4
2464 4
2465 4
2466 4
2467 4
2468 4
2469 4
2470 4
2471 4
2472 4
2473 4
2474 4
2475 4
2476 4
2477 4
2478 4
2479 4
2480 4
2481 4
2482 4
2483 4
2484 4
2485 4
2486 4
2487 4
2488 4
2489 4
2490 4
2491 4
2492 4
2493 4
2494 4
2495 4
2496 4
2497 4
2498 4
2499 4
2500 4
2501 4
2502 4
2503 4
2504 4
2505 4
2506 4
2507 4
2508 4
2509 4
2510 4
2511 4
2512 4
2513 4
2514 4
2515 4
2516 4
2517 4
2518 4
2519 4
2520 4
2521 4
2522 4
2523 4
2524 4
2525 4
2526 4
2527 4
2528 4
2529 4
2530 4
2531 4
2532 4
2533 4
2534 4
2535 4
2536 4
2537 4
2538 4
2539 4
2540 4
2541 4
2542 4
2543 4
2544 4
2545 4
2546 4
2547 4
2548 4
2549 4
2550 4
2551 4
2552 4
2553 4
2554 4
2555 4
2556 4
2557 4
2558 4
2559 4
2560 4
2561 4
2562 4
2563 4
2564 4
2565 4
2566 4
2567 4
2568 4
2569 4
2570 4
2571 4
2572 4
2573 4
2574 4
2575 4
2576 4
2577 4
2578 4
2579 4
2580 4
2581 4
2582 4
2583 4
2584 4
2585 4
2586 4
2587 4
2588 4
2589 4
2590 4
2591 4
2592 4
2593 4
2594 4
2595 4
2596 4
2597 4
2598 4
2599 4
2600 4
2601 4
2602 4
2603 4
2604 4
2605 4
2606 4
2607 4
2608 4
2609 4
2610 4
2611 4
2612 4
2613 4
2614 4
2615 4
2616 4
2617 4
2618 4
2619 4
2620 4
2621 4
2622 4
2623 4
2624 4
2625 4
2626 4
2627 4
2628 4
2629 4
2630 4
2631 4
2632 4
2633 4
2634 4
2635 4
2636 4
2637 4
2638 4
2639 4
2640 4
2641 4
2642 4
2643 4
2644 4
2645 4
2646 4
2647 4
2648 4
2649 4
2650 4
2651 4
2652 4
2653 4
2654 4
2655 4
2656 4
2657 4
2658 4
2659 4
2660 4
2661 4
2662 4
2663 4
2664 4
2665 4
2666 4
2667 4
2668 4
2669 4
2670 4
2671 4
2672 4
2673 4
2674 4
2675 4
2676 4
2677 4
2678 4
2679 4
2680 4
2681 4
2682 4
2683 4
2684 4
2685 4
2686 4
2687 4
2688 4
2689 4
2690 4
2691 4
2692 4
2693 4
2694 4
2695 4
2696 4
2697 4
2698 4
2699 4
2700 4
2701 4
2702 4
2703 4
2704 4
2705 4
2706 4
2707 4
2708 4
2709 4
2710 4
2711 4
2712 4
2713 4
2714 4
2715 4
2716 4
2717 4
2718 4
2719 4
2720 4
2721 4
2722 4
2723 4
2724 4
2725 4
2726 4
2727 4
2728 4
2729 4
2730 4
2731 4
2732 4
2733 4
2734 4
2735 4
2736 4
2737 4
2738 4
2739 4
2740 4
2741 4
2742 4
2743 4
2744 4
2745 4
2746 4
2747 4
2748 4
2749 4
2750 4
2751 4
2752 4
2753 4
2754 4
2755 4
2756 4
2757 4
2758 4
2759 4
2760 4
2761 4
2762 4
2763 4
2764 4
2765 4
2766 4
2767 4
2768 4
2769 4
2770 4
2771 4
2772 4
2773 4
2774 4
2775 4
2776 4
2777 4
2778 4
2779 4
2780 4
2781 4
2782 4
2783 4
2784 4
2785 4
2786 4
2787 4
2788 4
2789 4
2790 4
2791 4
2792 4
2793 4
2794 4
2795 4
2796 4
2797 4
2798 4
2799 4
2800 4
2801 4
2802 4
2803 4
2804 4
2805 4
2806 4
2807 4
2808 4
2809 4
2810 4
2811 4
2812 4
2813 4
2814 4
2815 4
2816 4
2817 4
2818 4
2819 4
2820 4
2821 4
2822 4
2823 4
2824 4
2825 4
2826 4
2827 4
2828 4
2829 4
2830 4
2831 4
2832 4
2833 4
2834 4
2835 4
2836 4
2837 4
2838 4
2839 4
2840 4
2841 4
2842 4
2843 4
2844 4
2845 4
2846 4
2847 4
2848 3
2849 3
2850 3
2851 3
2852 3
2853 3
2854 3
2855 3
2856 3
2857 3
2858 3
2859 3
2860 3
2861 3
2862 3
2863 3
2864 3
2865 3
2866 3
2867 3
2868 3
2869 3
2870 3
2871 3
2872 3
2873 3
2874 3
2875 3
2876 3
2877 3
2878 3
2879 3
2880 3
2881 3
2882 3
2883 3
2884 3
2885 3
2886 3
2887 3
2888 3
2889 3
2890 3
2891 3
2892 3
2893 3
2894 3
2895 3
2896 3
2897 3
2898 3
2899 3
2900 3
2901 3
2902 3
2903 3
2904 3
2905 3
2906 3
2907 3
2908 3
2909 3
2910 3
2911 3
2912 3
2913 3
2914 3
2915 3
2916 3
2917 3
2918 3
2919 3
2920 3
2921 3
2922 3
2923 3
2924 3
2925 3
2926 3
2927 3
2928 3
2929 3
2930 3
2931 3
2932 3
2933 3
2934 3
2935 3
2936 3
2937 3
2938 3
2939 3
2940 3
2941 3
2942 3
2943 3
2944 3
2945 3
2946 3
2947 3
2948 3
2949 3
2950 3
2951 3
2952 3
2953 3
2954 3
2955 3
2956 3
2957 3
2958 3
2959 3
2960 3
2961 3
2962 3
2963 3
2964 3
2965 3
2966 3
2967 3
2968 3
2969 3
2970 3
2971 3
2972 3
2973 3
2974 3
2975 3
2976 3
2977 3
2978 3
2979 3
2980 3
2981 3
2982 3
2983 3
2984 3
2985 3
2986 3
2987 3
2988 3
2989 3
2990 3
2991 3
2992 3
2993 3
2994 3
2995 3
2996 3
2997 3
2998 3
2999 3
3000 3
3001 3
3002 3
3003 3
3004 3
3005 3
3006 3
3007 3
3008 3
3009 3
3010 3
3011 3
3012 3
3013 3
3014 3
3015 3
3016 3
3017 3
3018 3
3019 3
3020 3
3021 3
3022 3
3023 3
3024 3
3025 3
3026 3
3027 3
3028 3
3029 3
3030 3
3031 3
3032 3
3033 3
3034 3
3035 3
3036 3
3037 3
3038 3
3039 3
3040 3
3041 3
3042 3
3043 3
3044 3
3045 3
3046 3
3047 3
3048 3
3049 3
3050 3
3051 3
3052 3
3053 3
3054 3
3055 3
3056 3
3057 3
3058 3
3059 3
3060 3
3061 3
3062 3
3063 3
3064 3
3065 3
3066 3
3067 3
3068 3
3069 3
3070 3
3071 3
3072 3
3073 3
3074 3
3075 3
3076 3
3077 3
3078 3
3079 3
3080 3
3081 3
3082 3
3083 3
3084 3
3085 3
3086 3
3087 3
3088 3
3089 3
3090 3
3091 3
3092 3
3093 3
3094 3
3095 3
3096 3
3097 3
3098 3
3099 3
3100 3
3101 3
3102 3
3103 3
3104 3
3105 3
3106 3
3107 3
3108 3
3109 3
3110 3
3111 3
3112 3
3113 3
3114 3
3115 3
3116 3
3117 3
3118 3
3119 3
3120 3
3121 3
3122 3
3123 3
3124 3
3125 3
3126 3
3127 3
3128 3
3129 3
3130 3
3131 3
3132 3
3133 3
3134 3
3135 3
3136 3
3137 3
3138 3
3139 3
3140 3
3141 3
3142 3
3143 3
3144 3
3145 3
3146 3
3147 3
3148 3
3149 3
3150 3
3151 3
3152 3
3153 3
3154 3
3155 3
3156 3
3157 3
3158 3
3159 3
3160 3
3161 3
3162 3
3163 3
3164 3
3165 3
3166 3
3167 3
3168 3
3169 3
3170 3
3171 3
3172 3
3173 3
3174 3
3175 3
3176 3
3177 3
3178 3
3179 3
3180 3
3181 3
3182 3
3183 3
3184 3
3185 3
3186 3
3187 3
3188 3
3189 3
3190 3
3191 3
3192 3
3193 3
3194 3
3195 3
3196 3
3197 3
3198 3
3199 3
3200 3
3201 3
3202 3
3203 3
3204 3
3205 3
3206 3
3207 3
3208 3
3209 3
3210 3
3211 3
3212 3
3213 3
3214 3
3215 3
3216 3
3217 3
3218 3
3219 3
3220 3
3221 3
3222 3
3223 3
3224 3
3225 3
3226 3
3227 3
3228 3
3229 3
3230 3
3231 3
3232 3
3233 3
3234 3
3235 3
3236 3
3237 3
3238 3
3239 3
3240 3
3241 3
3242 3
3243 3
3244 3
3245 3
3246 3
3247 3
3248 3
3249 3
3250 3
3251 3
3252 3
3253 3
3254 3
3255 3
3256 3
3257 3
3258 3
3259 3
3260 3
3261 3
3262 3
3263 3
3264 3
3265 3
3266 3
3267 3
3268 3
3269 3
3270 3
3271 3
3272 3
3273 3
3274 3
3275 3
3276 3
3277 3
3278 3
3279 3
3280 3
3281 3
3282 3
3283 3
3284 3
3285 3
3286 3
3287 3
3288 3
3289 3
3290 3
3291 3
3292 3
3293 3
3294 3
3295 3
3296 3
3297 3
3298 3
3299 3
3300 3
3301 3
3302 3
3303 3
3304 3
3305 3
3306 3
3307 3
3308 3
3309 3
3310 3
3311 3
3312 3
3313 3
3314 3
3315 3
3316 3
3317 3
3318 3
3319 3
3320 3
3321 3
3322 3
3323 3
3324 3
3325 3
3326 3
3327 3
3328 3
3329 3
3330 3
3331 3
3332 3
3333 3
3334 3
3335 3
3336 3
3337 3
3338 3
3339 3
3340 3
3341 3
3342 3
3343 3
3344 3
3345 3
3346 3
3347 3
3348 3
3349 3
3350 3
3351 3
3352 3
3353 3
3354 3
3355 3
3356 3
3357 3
3358 3
3359 3
3360 3
3361 3
3362 3
3363 3
3364 3
3365 3
3366 3
3367 3
3368 3
3369 3
3370 3
3371 3
3372 3
3373 3
3374 3
3375 3
3376 3
3377 3
3378 3
3379 3
3380 3
3381 3
3382 3
3383 3
3384 3
3385 3
3386 3
3387 3
3388 3
3389 3
3390 3
3391 3
3392 3
3393 3
3394 3
3395 3
3396 3
3397 3
3398 3
3399 3
3400 3
3401 3
3402 3
3403 3
3404 3
3405 3
3406 3
3407 3
3408 3
3409 3
3410 3
3411 3
3412 3
3413 3
3414 3
3415 3
3416 3
3417 3
3418 3
3419 3
3420 3
3421 3
3422 3
3423 3
3424 3
3425 3
3426 3
3427 3
3428 3
3429 3
3430 3
3431 3
3432 3
3433 3
3434 3
3435 3
3436 3
3437 3
3438 3
3439 3
3440 3
3441 3
3442 3
3443 3
3444 3
3445 3
3446 3
3447 3
3448 3
3449 3
3450 3
3451 3
3452 3
3453 3
3454 3
3455 3
3456 3
3457 3
3458 3
3459 3
3460 3
3461 3
3462 3
3463 3
3464 3
3465 3
3466 3
3467 3
3468 3
3469 3
3470 3
3471 3
3472 3
3473 3
3474 3
3475 3
3476 3
3477 3
3478 3
3479 3
3480 3
3481 3
3482 3
3483 3
3484 3
3485 3
3486 3
3487 3
3488 3
3489 3
3490 3
3491 3
3492 3
3493 3
3494 3
3495 3
3496 3
3497 3
3498 3
3499 3
3500 3
3501 3
3502 3
3503 3
3504 3
3505 3
3506 3
3507 3
3508 3
3509 3
3510 3
3511 3
3512 3
3513 3
3514 3
3515 3
3516 3
3517 3
3518 3
3519 3
3520 3
3521 3
3522 3
3523 3
3524 3
3525 3
3526 3
3527 3
3528 3
3529 3
3530 3
3531 3
3532 3
3533 3
3534 3
3535 3
3536 3
3537 3
3538 3
3539 3
3540 3
3541 3
3542 3
3543 3
3544 3
3545 3
3546 3
3547 3
3548 3
3549 3
3550 3
3551 3
3552 3
3553 3
3554 3
3555 3
3556 3
3557 3
3558 3
3559 3
3560 3
3561 3
3562 3
3563 3
3564 3
3565 3
3566 3
3567 3
3568 3
3569 3
3570 3
3571 3
3572 3
3573 3
3574 3
3575 3
3576 3
3577 3
3578 3
3579 3
3580 3
3581 3
3582 3
3583 3
3584 3
3585 3
3586 3
3587 3
3588 3
3589 3
3590 3
3591 3
3592 3
3593 3
3594 3
3595 3
3596 3
3597 3
3598 3
3599 3
3600 3
3601 3
3602 3
3603 3
3604 3
3605 3
3606 3
3607 3
3608 3
3609 3
3610 3
3611 3
3612 3
3613 3
3614 3
3615 3
3616 3
3617 3
3618 3
3619 3
3620 3
3621 3
3622 3
3623 3
3624 3
3625 3
3626 3
3627 3
3628 3
3629 3
3630 3
3631 3
3632 3
3633 3
3634 3
3635 3
3636 3
3637 3
3638 3
3639 3
3640 3
3641 3
3642 3
3643 3
3644 3
3645 3
3646 3
3647 3
3648 3
3649 3
3650 3
3651 3
3652 3
3653 3
3654 3
3655 3
3656 3
3657 3
3658 3
3659 3
3660 3
3661 3
3662 3
3663 3
3664 3
3665 3
3666 3
3667 3
3668 3
3669 3
3670 3
3671 3
3672 3
3673 3
3674 3
3675 3
3676 3
3677 3
3678 3
3679 3
3680 3
3681 3
3682 3
3683 3
3684 3
3685 3
3686 3
3687 3
3688 3
3689 3
3690 3
3691 3
3692 3
3693 3
3694 3
3695 3
3696 3
3697 3
3698 3
3699 3
3700 3
3701 3
3702 3
3703 3
3704 3
3705 3
3706 3
3707 3
3708 3
3709 3
3710 3
3711 3
3712 3
3713 3
3714 3
3715 3
3716 3
3717 3
3718 3
3719 3
3720 3
3721 3
3722 3
3723 3
3724 3
3725 3
3726 3
3727 3
3728 3
3729 3
3730 3
3731 3
3732 3
3733 3
3734 3
3735 3
3736 3
3737 3
3738 3
3739 3
3740 3
3741 3
3742 3
3743 3
3744 3
3745 3
3746 3
3747 3
3748 3
3749 3
3750 3
3751 3
3752 3
3753 3
3754 3
3755 3
3756 3
3757 3
3758 3
3759 3
3760 3
3761 3
3762 3
3763 3
3764 3
3765 3
3766 3
3767 3
3768 3
3769 3
3770 3
3771 3
3772 3
3773 3
3774 3
3775 3
3776 3
3777 3
3778 3
3779 3
3780 3
3781 3
3782 3
3783 3
3784 3
3785 3
3786 3
3787 3
3788 3
3789 3
3790 3
3791 3
3792 3
3793 3
3794 3
3795 3
3796 3
3797 3
3798 3
3799 3
3800 3
3801 3
3802 3
3803 3
3804 3
3805 3
3806 3
3807 3
3808 3
3809 3
3810 3
3811 3
3812 3
3813 3
3814 3
3815 3
3816 3
3817 3
3818 3
3819 3
3820 3
3821 3
3822 3
3823 3
3824 3
3825 3
3826 3
3827 3
3828 3
3829 3
3830 3
3831 3
3832 3
3833 3
3834 3
3835 3
3836 3
3837 3
3838 3
3839 3
3840 3
3841 3
3842 3
3843 3
3844 3
3845 3
3846 3
3847 3
3848 3
3849 3
3850 3
3851 3
3852 3
3853 3
3854 3
3855 3
3856 3
3857 3
3858 3
3859 3
3860 3
3861 3
3862 3
3863 3
3864 3
3865 3
3866 3
3867 3
3868 3
3869 3
3870 3
3871 3
3872 3
3873 3
3874 3
3875 3
3876 3
3877 3
3878 3
3879 3
3880 3
3881 3
3882 3
3883 3
3884 3
3885 3
3886 3
3887 3
3888 3
3889 3
3890 3
3891 3
3892 3
3893 3
3894 3
3895 3
3896 3
3897 3
3898 3
3899 3
3900 3
3901 3
3902 2
3903 2
3904 2
3905 2
3906 2
3907 2
3908 2
3909 2
3910 2
3911 2
3912 2
3913 2
3914 2
3915 2
3916 2
3917 2
3918 2
3919 2
3920 2
3921 2
3922 2
3923 2
3924 2
3925 2
3926 2
3927 2
3928 2
3929 2
3930 2
3931 2
3932 2
3933 2
3934 2
3935 2
3936 2
3937 2
3938 2
3939 2
3940 2
3941 2
3942 2
3943 2
3944 2
3945 2
3946 2
3947 2
3948 2
3949 2
3950 2
3951 2
3952 2
3953 2
3954 2
3955 2
3956 2
3957 2
3958 2
3959 2
3960 2
3961 2
3962 2
3963 2
3964 2
3965 2
3966 2
3967 2
3968 2
3969 2
3970 2
3971 2
3972 2
3973 2
3974 2
3975 2
3976 2
3977 2
3978 2
3979 2
3980 2
3981 2
3982 2
3983 2
3984 2
3985 2
3986 2
3987 2
3988 2
3989 2
3990 2
3991 2
3992 2
3993 2
3994 2
3995 2
3996 2
3997 2
3998 2
3999 2
4000 2
4001 2
4002 2
4003 2
4004 2
4005 2
4006 2
4007 2
4008 2
4009 2
4010 2
4011 2
4012 2
4013 2
4014 2
4015 2
4016 2
4017 2
4018 2
4019 2
4020 2
4021 2
4022 2
4023 2
4024 2
4025 2
4026 2
4027 2
4028 2
4029 2
4030 2
4031 2
4032 2
4033 2
4034 2
4035 2
4036 2
4037 2
4038 2
4039 2
4040 2
4041 2
4042 2
4043 2
4044 2
4045 2
4046 2
4047 2
4048 2
4049 2
4050 2
4051 2
4052 2
4053 2
4054 2
4055 2
4056 2
4057 2
4058 2
4059 2
4060 2
4061 2
4062 2
4063 2
4064 2
4065 2
4066 2
4067 2
4068 2
4069 2
4070 2
4071 2
4072 2
4073 2
4074 2
4075 2
4076 2
4077 2
4078 2
4079 2
4080 2
4081 2
4082 2
4083 2
4084 2
4085 2
4086 2
4087 2
4088 2
4089 2
4090 2
4091 2
4092 2
4093 2
4094 2
4095 2
4096 2
4097 2
4098 2
4099 2
4100 2
4101 2
4102 2
4103 2
4104 2
4105 2
4106 2
4107 2
4108 2
4109 2
4110 2
4111 2
4112 2
4113 2
4114 2
4115 2
4116 2
4117 2
4118 2
4119 2
4120 2
4121 2
4122 2
4123 2
4124 2
4125 2
4126 2
4127 2
4128 2
4129 2
4130 2
4131 2
4132 2
4133 2
4134 2
4135 2
4136 2
4137 2
4138 2
4139 2
4140 2
4141 2
4142 2
4143 2
4144 2
4145 2
4146 2
4147 2
4148 2
4149 2
4150 2
4151 2
4152 2
4153 2
4154 2
4155 2
4156 2
4157 2
4158 2
4159 2
4160 2
4161 2
4162 2
4163 2
4164 2
4165 2
4166 2
4167 2
4168 2
4169 2
4170 2
4171 2
4172 2
4173 2
4174 2
4175 2
4176 2
4177 2
4178 2
4179 2
4180 2
4181 2
4182 2
4183 2
4184 2
4185 2
4186 2
4187 2
4188 2
4189 2
4190 2
4191 2
4192 2
4193 2
4194 2
4195 2
4196 2
4197 2
4198 2
4199 2
4200 2
4201 2
4202 2
4203 2
4204 2
4205 2
4206 2
4207 2
4208 2
4209 2
4210 2
4211 2
4212 2
4213 2
4214 2
4215 2
4216 2
4217 2
4218 2
4219 2
4220 2
4221 2
4222 2
4223 2
4224 2
4225 2
4226 2
4227 2
4228 2
4229 2
4230 2
4231 2
4232 2
4233 2
4234 2
4235 2
4236 2
4237 2
4238 2
4239 2
4240 2
4241 2
4242 2
4243 2
4244 2
4245 2
4246 2
4247 2
4248 2
4249 2
4250 2
4251 2
4252 2
4253 2
4254 2
4255 2
4256 2
4257 2
4258 2
4259 2
4260 2
4261 2
4262 2
4263 2
4264 2
4265 2
4266 2
4267 2
4268 2
4269 2
4270 2
4271 2
4272 2
4273 2
4274 2
4275 2
4276 2
4277 2
4278 2
4279 2
4280 2
4281 2
4282 2
4283 2
4284 2
4285 2
4286 2
4287 2
4288 2
4289 2
4290 2
4291 2
4292 2
4293 2
4294 2
4295 2
4296 2
4297 2
4298 2
4299 2
4300 2
4301 2
4302 2
4303 2
4304 2
4305 2
4306 2
4307 2
4308 2
4309 2
4310 2
4311 2
4312 2
4313 2
4314 2
4315 2
4316 2
4317 2
4318 2
4319 2
4320 2
4321 2
4322 2
4323 2
4324 2
4325 2
4326 2
4327 2
4328 2
4329 2
4330 2
4331 2
4332 2
4333 2
4334 2
4335 2
4336 2
4337 2
4338 2
4339 2
4340 2
4341 2
4342 2
4343 2
4344 2
4345 2
4346 2
4347 2
4348 2
4349 2
4350 2
4351 2
4352 2
4353 2
4354 2
4355 2
4356 2
4357 2
4358 2
4359 2
4360 2
4361 2
4362 2
4363 2
4364 2
4365 2
4366 2
4367 2
4368 2
4369 2
4370 2
4371 2
4372 2
4373 2
4374 2
4375 2
4376 2
4377 2
4378 2
4379 2
4380 2
4381 2
4382 2
4383 2
4384 2
4385 2
4386 2
4387 2
4388 2
4389 2
4390 2
4391 2
4392 2
4393 2
4394 2
4395 2
4396 2
4397 2
4398 2
4399 2
4400 2
4401 2
4402 2
4403 2
4404 2
4405 2
4406 2
4407 2
4408 2
4409 2
4410 2
4411 2
4412 2
4413 2
4414 2
4415 2
4416 2
4417 2
4418 2
4419 2
4420 2
4421 2
4422 2
4423 2
4424 2
4425 2
4426 2
4427 2
4428 2
4429 2
4430 2
4431 2
4432 2
4433 2
4434 2
4435 2
4436 2
4437 2
4438 2
4439 2
4440 2
4441 2
4442 2
4443 2
4444 2
4445 2
4446 2
4447 2
4448 2
4449 2
4450 2
4451 2
4452 2
4453 2
4454 2
4455 2
4456 2
4457 2
4458 2
4459 2
4460 2
4461 2
4462 2
4463 2
4464 2
4465 2
4466 2
4467 2
4468 2
4469 2
4470 2
4471 2
4472 2
4473 2
4474 2
4475 2
4476 2
4477 2
4478 2
4479 2
4480 2
4481 2
4482 2
4483 2
4484 2
4485 2
4486 2
4487 2
4488 2
4489 2
4490 2
4491 2
4492 2
4493 2
4494 2
4495 2
4496 2
4497 2
4498 2
4499 2
4500 2
4501 2
4502 2
4503 2
4504 2
4505 2
4506 2
4507 2
4508 2
4509 2
4510 2
4511 2
4512 2
4513 2
4514 2
4515 2
4516 2
4517 2
4518 2
4519 2
4520 2
4521 2
4522 2
4523 2
4524 2
4525 2
4526 2
4527 2
4528 2
4529 2
4530 2
4531 2
4532 2
4533 2
4534 2
4535 2
4536 2
4537 2
4538 2
4539 2
4540 2
4541 2
4542 2
4543 2
4544 2
4545 2
4546 2
4547 2
4548 2
4549 2
4550 2
4551 2
4552 2
4553 2
4554 2
4555 2
4556 2
4557 2
4558 2
4559 2
4560 2
4561 2
4562 2
4563 2
4564 2
4565 2
4566 2
4567 2
4568 2
4569 2
4570 2
4571 2
4572 2
4573 2
4574 2
4575 2
4576 2
4577 2
4578 2
4579 2
4580 2
4581 2
4582 2
4583 2
4584 2
4585 2
4586 2
4587 2
4588 2
4589 2
4590 2
4591 2
4592 2
4593 2
4594 2
4595 2
4596 2
4597 2
4598 2
4599 2
4600 2
4601 2
4602 2
4603 2
4604 2
4605 2
4606 2
4607 2
4608 2
4609 2
4610 2
4611 2
4612 2
4613 2
4614 2
4615 2
4616 2
4617 2
4618 2
4619 2
4620 2
4621 2
4622 2
4623 2
4624 2
4625 2
4626 2
4627 2
4628 2
4629 2
4630 2
4631 2
4632 2
4633 2
4634 2
4635 2
4636 2
4637 2
4638 2
4639 2
4640 2
4641 2
4642 2
4643 2
4644 2
4645 2
4646 2
4647 2
4648 2
4649 2
4650 2
4651 2
4652 2
4653 2
4654 2
4655 2
4656 2
4657 2
4658 2
4659 2
4660 2
4661 2
4662 2
4663 2
4664 2
4665 2
4666 2
4667 2
4668 2
4669 2
4670 2
4671 2
4672 2
4673 2
4674 2
4675 2
4676 2
4677 2
4678 2
4679 2
4680 2
4681 2
4682 2
4683 2
4684 2
4685 2
4686 2
4687 2
4688 2
4689 2
4690 2
4691 2
4692 2
4693 2
4694 2
4695 2
4696 2
4697 2
4698 2
4699 2
4700 2
4701 2
4702 2
4703 2
4704 2
4705 2
4706 2
4707 2
4708 2
4709 2
4710 2
4711 2
4712 2
4713 2
4714 2
4715 2
4716 2
4717 2
4718 2
4719 2
4720 2
4721 2
4722 2
4723 2
4724 2
4725 2
4726 2
4727 2
4728 2
4729 2
4730 2
4731 2
4732 2
4733 2
4734 2
4735 2
4736 2
4737 2
4738 2
4739 2
4740 2
4741 2
4742 2
4743 2
4744 2
4745 2
4746 2
4747 2
4748 2
4749 2
4750 2
4751 2
4752 2
4753 2
4754 2
4755 2
4756 2
4757 2
4758 2
4759 2
4760 2
4761 2
4762 2
4763 2
4764 2
4765 2
4766 2
4767 2
4768 2
4769 2
4770 2
4771 2
4772 2
4773 2
4774 2
4775 2
4776 2
4777 2
4778 1
4779 1
4780 1
4781 1
4782 1
4783 1
4784 1
4785 1
4786 1
4787 1
4788 1
4789 1
4790 1
4791 1
4792 1
4793 1
4794 1
4795 1
4796 1
4797 1
4798 1
4799 1
4800 1
4801 1
4802 1
4803 1
4804 1
4805 1
4806 1
4807 1
4808 1
4809 1
4810 1
4811 1
4812 1
4813 1
4814 1
4815 1
4816 1
4817 1
4818 1
4819 1
4820 1
4821 1
4822 1
4823 1
4824 1
4825 1
4826 1
4827 1
4828 1
4829 1
4830 1
4831 1
4832 1
4833 1
4834 1
4835 1
4836 1
4837 1
4838 1
4839 1
4840 1
4841 1
4842 1
4843 1
4844 1
4845 1
4846 1
4847 1
4848 1
4849 1
4850 1
4851 1
4852 1
4853 1
4854 1
4855 1
4856 1
4857 1
4858 1
4859 1
4860 1
4861 1
4862 1
4863 1
4864 1
4865 1
4866 1
4867 1
4868 1
4869 1
4870 1
4871 1
4872 1
4873 1
4874 1
4875 1
4876 1
4877 1
4878 1
4879 1
4880 1
4881 1
4882 1
4883 1
4884 1
4885 1
4886 1
4887 1
4888 1
4889 1
4890 1
4891 1
4892 1
4893 1
4894 1
4895 1
4896 1
4897 1
4898 1
4899 1
4900 1
4901 1
4902 1
4903 1
4904 1
4905 1
4906 1
4907 1
4908 1
4909 1
4910 1
4911 1
4912 1
4913 1
4914 1
4915 1
4916 1
4917 1
4918 1
4919 1
4920 1
4921 1
4922 1
4923 1
4924 1
4925 1
4926 1
4927 1
4928 1
4929 1
4930 1
4931 1
4932 1
4933 1
4934 1
4935 1
4936 1
4937 1
4938 1
4939 1
4940 1
4941 1
4942 1
4943 1
4944 1
4945 1
4946 1
4947 1
4948 1
4949 1
4950 1
4951 1
4952 1
4953 1
4954 1
4955 1
4956 1
4957 1
4958 1
4959 1
4960 1
4961 1
4962 1
4963 1
4964 1
4965 1
4966 1
4967 1
4968 1
4969 1
4970 1
4971 1
4972 1
4973 1
4974 1
4975 1
4976 1
4977 1
4978 1
4979 1
4980 1
4981 1
4982 1
4983 1
4984 1
4985 1
4986 1
4987 1
4988 1
4989 1
4990 1
4991 1
4992 1
4993 1
4994 1
4995 1
4996 1
4997 1
4998 1
4999 1
5000 1
5001 1
5002 1
5003 1
5004 1
5005 1
5006 1
5007 1
5008 1
5009 1
5010 1
5011 1
5012 1
5013 1
5014 1
5015 1
5016 1
5017 1
5018 1
5019 1
5020 1
5021 1
5022 1
5023 1
5024 1
5025 1
5026 1
5027 1
5028 1
5029 1
5030 1
5031 1
5032 1
5033 1
5034 1
5035 1
5036 1
5037 1
5038 1
5039 1
5040 1
5041 1
5042 1
5043 1
5044 1
5045 1
5046 1
5047 1
5048 1
5049 1
5050 1
5051 1
5052 1
5053 1
5054 1
5055 1
5056 1
5057 1
5058 1
5059 1
5060 1
5061 1
5062 1
5063 1
5064 1
5065 1
5066 1
5067 1
5068 1
5069 1
5070 1
5071 1
5072 1
5073 1
5074 1
5075 1
5076 1
5077 1
5078 1
5079 1
5080 1
5081 1
5082 1
5083 1
5084 1
5085 1
5086 1
5087 1
5088 1
5089 1
5090 1
5091 1
5092 1
5093 1
5094 1
5095 1
5096 1
5097 1
5098 1
5099 1
5100 1
5101 1
5102 1
5103 1
5104 1
5105 1
5106 1
5107 1
5108 1
5109 1
5110 1
5111 1
5112 1
5113 1
5114 1
5115 1
5116 1
5117 1
5118 1
5119 1
5120 1
5121 1
5122 1
5123 1
5124 1
5125 1
5126 1
5127 1
5128 1
5129 1
5130 1
5131 1
5132 1
5133 1
5134 1
5135 1
5136 1
5137 1
5138 1
5139 1
5140 1
5141 1
5142 1
5143 1
5144 1
5145 1
5146 1
5147 1
5148 1
5149 1
5150 1
5151 1
5152 1
5153 1
5154 1
5155 1
5156 1
5157 1
5158 1
5159 1
5160 1
5161 1
5162 1
5163 1
5164 1
5165 1
5166 1
5167 1
5168 1
5169 1
5170 1
5171 1
5172 1
5173 1
5174 1
5175 1
5176 1
5177 1
5178 1
5179 1
5180 1
5181 1
5182 1
5183 1
5184 1
5185 1
5186 1
5187 1
5188 1
5189 1
5190 1
5191 1
5192 1
5193 1
5194 1
5195 1
5196 1
5197 1
5198 1
5199 1
5200 1
5201 1
5202 1
5203 1
5204 1
5205 1
5206 1
5207 1
5208 1
5209 1
